9095604076270969
8174698361500909
1704487679061551
2278089990460444
8048884354061745
2895329506351326
7827613273347585
5706493367249216
3112428292111447
5181137185732034
5831747414176240
3242974555016791
3700135223015055
5475289961984380
6038618303538299
6651171637409912
4294162144027440
4121643602353910
7340655631697293
8285893862370130
3454531626398117
1815123219418632
7094492074568215
7345901774228702
8984750220696046
3565167166755197
7455977354073641
7832859415878993
7234706273359481
3005965046708406
4736362660161462
2422990371270978
1931004902307120
5806854937761322
6053236810108242
2986878673337037
8511851125103558
7817899264014751
2046326624683468
1840015695833550
1714201688394385
5812101080292730
9206239616628049
6053018494890400
6279535718135969
2639233624671572
4997922999590466
6284221900155236
3815675260609244
6274507890822402
5595857826892136
3956449419912651
1116048545874873
4997704684372624
3599991967720791
7798594575425540
3604678149740059
6525917590482889
2770075459424302
3690421213682221
7239392455378749
3478864142300894
7475842003174993
3348022307548164
8295266226408665
2071219101098386
4062398778250463
4997363039078325
6983856534211135
1935472769108546
3065566471918771
7118824590470993
1573987489603120
1106334536542039
3126532911616162
6284440215373078
3579785673325141
3715313690097139
8900912831414457
3112132720264060
8536961916736318
4172692673313245
3700353538232897
6390949534223031
6410035907594400
3719999872116406
5223320301811753
5233812586874570
5590611684360728
2408030219406736
6636771446057811
1337537941806875
5228908089637460
2745182983009384
8795989980786295
6501025114067971
4997144723860483
4871890676933460
7933562631685397
7330941622364460
7325695479833051
7010709939563285
5358848318583751
5686287072853566
1598320005505897
3232700585171816
8184630686051585
2885957142312790
6188764826880240
1116266861092715
5460111494902296
4866862849619894
7345341813716561
8044416487260319
4037506301835545
7535324192704098
6400663543555865
3464245635730951
5327322251431469
4534737913330811
2913781801097931
6882935003186889
7576763534199239
3011211189239814
4173034318607543
4982744532508382
3218082078601873
3474177960281627
9110004267623070
4042192483854813
6511517399130787
4626287080316522
4635659444355057
8873773035044668
7687959035068460
6978610391679727
1578455356404546
6868534811834787
3368228601943814
5821815089625564
8517097267634966
6486139080316352
4168348136588276
8527247907403484
7592494483887154
7677466750005643
5349475954545216
5012323190942567
7461441811822891
7642772757022816
5243526596207403
1684623029960200
1342784084338284
3011771149751955
7702359226420561
5580337714515754
2393971673348933
4414170048423055
2528939729608790
4992458541841216
3922997111340393
5354162136564484
6626839121507135
7639356304079831
7576203573687099
3016457331771222
8749128160593618
6154499986426787
1921072577756444
8179944504032318
4756568954557112
2529499690120931
8801589585907699
2272843847929036
5942382954533320
3348582268060305
8401433899964320
3362982459412406
5219194080304626
6761807177766992
9110564228135211
2774761641443570
3937144731323439
2403344037387468
1950651236190630
7566831209648563
2060726816035569
3981058141775879
6752434813728457
6983296573698995
1588947641467362
5103094082198296
3926870761478465
8747959027605504
7586477543532073
7582009676730647
5107780264217564
1241302592801897
1810437037399364
2302422506363222
6299400367237320
7934122592197538
2528598084314492
1710286304198790
7807966939464075
4298848326046707
7692426901869886
1247108695845445
2740496800990117
6168558532484590
9105318085603802
2423550331783118
8405901766765746
1959211068347969
7948741098767481
8280647719838722
6058824597933949
7788957822722251
5696219397404242
3117160547577627
2861064665897873
6048550628088974
3237168451973242
3931556943497733
2519225720275956
4271245120996330
2051012806702735
4524463943485837
6872442718124073
4891755326034811
4404797684384520
3931338628279891
2648947634004406
1347251951139709
4655305778238567
1825055543969307
4125060055296895
4171921875489572
5691533215384974
6395635716242299
1579233632134528
2921564558397754
8858594567962584
6390389573710891
8869086853025400
5691314900167132
2538872054159466
2755675268072201
8651988067265279
2966243226412012
1231588583469063
1950091275678489
1453419624695364
7813213081995483
5514694753139079
4303534508065975
4515651539959442
3097514213694117
9904528536535515
4635099483842917
6486095686422472
3584813500638707
8762919179469746
1835329513814282
8753546815431210
5465015992139406
7446309418187719
8165325997462374
1231930228763362
5581239320322193
5175537580610630
1593633823486629
7224773948808805
5474730001472240
4876576858952727
8989654717933156
8798173132964713
7335627804383727
9114690449642338
3233260545683957
6149253843895379
8049102669279587
6399761937749426
6174146320310297
4038066262347686
4409142221109489
5917490478118402
7461223496605049
7239952415890889
7446263344740807
3685735031662953
2056600594528442
6993570543543969
4887069144015544
6520889763169322
8054690457105294
1583919814153796
2156962165040548
6386815834809594
3710627508077871
2996251037375572
2543558236178734
4177720500626811
4881823001484136
6979170352191867
6968678067129051
8999928687778130
5364094461115159
1819809401437899
5278277279060374
2428236513802386
1960583560741305
4042752444366953
9100290258290236
6043304485557566
8507383258302132
9951390356728192
8758232997450478
4046878665874081
1718887870413653
5811541119780590
7244638597910157
6757120995747725
7596409868082749
1121294688406281
8531155813692769
6747406986414891
6178832502329564
3233042230466115
3469150132968061
4052466453699787
7123510772490260
7089245932036807
8632637305229156
8989436402715314
6641457628077078
5817128907606296
3353268450079572
7556898885097888
9090357933739560
6290028003198785
4530051731311543
1105774576029899
3458657847905244
7697673044401294
7841419248036332
7939027089434647
5214507898285358
7066705990777330
3820921403140653
5233598611046116
1813026002648534
1859887822841211
2996592682669871
5329829620661706
3348923913354603
6173586359798156
2282776172479712
4408923905891647
4409702181621629
6647045415902785
8401215584746478
8512069440321400
1689869172491608
7114138408451725
2876024817762115
5229126404855302
8752645209624771
6159186168446054
7689634577215493
1610963058692032
6515985265932213
2186540823474733
6433677655002271
5827061232156972
4022320356847152
4972812207957706
4283669858964623
3575099491305873
1473284273796715
3001278864689138
7215059939475971
6530603772502156
6385703391691623
5696561042698540
2919381406219336
4515091579447301
3825389269942078
3821263048434951
8521783449654234
2863503527962269
8145119703066724
3227454442640408
6887621185206157
4278642031651057
6285000175885219
8265687567974480
2754896992342218
5932668945200486
4419416190954463
2523693587077382
4756227309262813
3343117810311055
4640905586886466
1834769553302141
5450397485569462
3695667356213629
2629861260633036
3449285483866709
8979722393382480
2181854641455466
4992116896546917
1467819816047465
2765047632110736
5701807185229948
7003502868094645
8632978950523454
2644821412497278
2866310808429281
8633197265741296
8526469631673501
3801616714551441
1211723934367711
4413610087910915
5575651532496486
1935691084326388
1236616410782629
6017477484495704
3951203277381243
1458105806714631
7711731590459097
3946517095361975
8270933710505888
7450949526760075
7742096002529574
5098066254884730
8964543926300396
6872661033341914
3102200395713384
6651731597922053
1487684465148817
9119376631661606
3936243125517000
9863266321464243
4886509183503403
3820703087922811
1468038131265307
7109452226432457
7460663536092909
2750429125540792
6039309006279892
6169460138291029
8864400671006132
2760703095385767
2056258949234144
4520337721978710
8878800862358234
9221199768492291
3831195372985627
2865750847917140
4158634127255442
2634547442652304
8064062821143829
7591723686063481
1766164182455857
5127644913318915
5600544008911404
8947774651607134
2172140632122632
9125182734705154
5923296581161951
3459217808417385
3117720508089767
1251794877864713
7471155821155725
4163320309274709
9100071943072394
4288574356201733
1824837228751466
3237728412485383
2876243132979956
8698849887457955
4630413301823649
3594185864677242
1799944752336548
7938808774216806
2166676174373382
7099738217099623
1709515506375118
4218783695682249
6395075755730158
4539424095350079
5701465539935650
8290580044389398
1010099187537061
4519559446248727
2816641707769592
8652283639112666
7923630307134722
6174364635528138
1101088394010631
8647597457093398
3816016905903543
1462791988733899
2654753737047954
6873002678636213
6622152939487867
6516203581150055
1226902401449795
5128675760417953
5113586367261112
3570413309286605
7695234182336898
3589499682657975
5324583478130298
3328717618958953
5455083667588730
8502137115770724
2288022315011120
1482998283129549
1468598091777448
3353610095373871
2639575269965870
1367116600241061
2056040634016302
6062950819441076
1362430418221793
6772299462829809
2061286776547710
6521231408463621
5585583857047162
8637665132542722
1689309211979468
8999368727265990
5570965350477218
6646485455390645
3227796087934707
1222216219430528
2644261451985138
3927430721990606
2408371864701034
4273955849631789
1693995393998735
4057152635719055
8642911275074130
8160298170148808
6862728708791239
2282216211967572
4760913491282081
3237946727703224
5344448127231650
2051354451997034
1945405093659222
2509293395725280
2769779887576915
8270373749993747
6867974851322647
4302974547553835
6235031163988755
9220858123197992
2413276361938144
8893979329440318
4645591768905733
6163872350465322
2649507594516546
2538312093647326
5566279168457950
4052684768917629
8054348811810995
1757148124391467
5007637008923300
9956989961849596
5134275365539358
7692645217087727
8170230494699484
3222768260621140
2523911902295224
1945965054171362
4424102372973731
6530817748330610
8059376639124562
2297736324343954
6762367138279133
7350027995735829
7919162440333296
2649725909734388
1015345330068469
8874114680338966
6289686357904486
7460881851310751
1854288217719806
4525365549292276
4525023903997977
3599432007208650
7229460130828073
4746854945224278
4168006491293977
8044976447772460
5937696772514052
6767053320298401
2277530029948304
5586143817559302
7104424399118891
8632418990011314
1940377266345655
1583359853641655
2056818909746284
1588605996173063
3825949230454219
4174105027667991
4509845436915893
5952315279083996
4182406682646079
7717537693502645
8743832806098376
2172482277416930
8276179853037296
2166894489591224
5103872357928278
4770627500614915
4519777761466569
5122958731299648
7545632663694477
3111914405046218
4987430714527649
7093932114056075
2162208307571956
6033932121519031
3338649943509629
2880710999781382
1125980870425549
2167454450103364
5470043819452972
6058264637421808
5802168755742054
4978058350489114
8733340521035560
4074781782161233
7355274138267237
7572077352179971
5711179549268484
7350806271465811
4394523714539545
5113244721966814
3468931817750219
5118272549280380
3826167545672061
5802728716254195
2041640442664200
5561033025926542
4993018502353356
8305758511471482
4741608802692870
1005631320735635
7456755629803624
4298288365534567
4020137204668733
5330738704374455
6656417779941320
1000726823498525
5001830905879751
1906749643033888
3916938436927789
6988542716230403
2982192491317769
8984408575401748
1353058054183258
6506271256599379
7942934995723933
4152828024211893
6184078644860972
1805750855380096
2307108688382489
6405568040792975
5797482573722787
3975458536654475
8748518988117644
5339761945212382
8637323487248424
2915964953276350
5460329810120138
5479976144003648
6988884361524701
4741048842180729
9119936592173746
1829523410770733
8522343410166374
8150365845598132
4891195365522671
1352498093671118
5233594271656728
3001497179906980
8627391162697748
7562145027629296
6294714185218053
1568741347071712
4505159254896626
5696001082186400
8637883447760564
2765389277405034
2413058046720302
9857666716342838
8049444314573886
2292708497030388
1372362742772469
1574547450115260
8853908385943316
2177168459436198
4403896078578081
1246548735333305
2287803999793278
4067084960269731
1603566148037305
8842851800978971
2991564855356304
4630973262335790
5585365541829320
1357744236202526
1699801497042284
4187652825177487
1111580679073447
6878248821167621
6437094107945257
8164984352168075
4283888174182465
4409483866403788
8155611988129540
4640687271668624
1468379776559606
6636553130839969
3131779054147570
3232482269953974
8994122584734582
5947069136552588
5223880262323894
3714753729584998
4069182177039828
3936803086029141
4650619596219299
5470603779965112
5548859282568936
6583279173644691
7648372362144221
5692093175897115
7229678446045915
6631525303526403
7340313986402995
5696779357916382
3810989078589977
4862176667600626
1472505998066733
2398657855368200
7823487051840458
7590311331708735
8758451312668320
8391501575413644
8044198172042478
1332851759787608
3921624618947057
6063510779953216
4404237723872379
5218634119792486
1694555354510876
8745711707650632
4765941318595647
7828173233859725
1005413005517793
3584471855344408
6742720804395623
8531715774204910
6973924209660459
6048332312871132
1236834726000471
1807426397527130
1000385178204227
4389837532520278
2755115307560060
5464797676921564
2960643621290608
6630140993837368
7682712892537052
6483955928137933
8159738209636667
8848451406100376
5364654421627300
7938248813704665
6339954014616917
3333403800978221
5103312397416138
8029797980690376
5585925502341460
8155052027617400
9115468725372320
6164213995759621
2191786966006142
8854468346455457
7812994766777641
8164424391655935
3464463950948793
8618018798659212
2890643324332058
4057370950936897
9221418083710133
2870437029936408
7928876449666130
6877907175873323
8527029592185642
7210373757456704
7479328141490053
1925758759775712
4153387984724034
6415282050125808
7803280757444808
7571517391667831
1357184275690385
3695449040995787
8994636471799811
5580679359810052
5822033404843406
8850634558278795
5107998579435405
1663424484006114
6635740598958773
2061505091765552
9004614869797398
4293602183515299
6400321898261566
1941278872152094
7104206083901049
6998256725563237
5108558539947546
4776433603658464
2962826773469027
7913916297801888
9115250410154478
4645373453687891
6756779350453426
5377600524567132
9104976440309504
5329269660149566
3705941326058603
4872108992151302
7817680948796909
8266247528486620
8416394051828562
4775873643146323
3343896086041037
3589717997875816
4399209896558813
4192898967708895
3018704651726094
5046076551212311
5807414898273462
7682152932024911
2513979577744548
8859154528474724
8396187757432912
9902345384357096
7354714177755096
1578673671622387
6993788858761811
7577105179493538
3483550324320162
8049662629791728
1901150037912483
1463133634028198
1940718911639954
3127092872128302
1347470266357551
7581791361512805
8868868537807558
1101648354522772
4751541127243546
8396529402727210
5912804296099134
5238840414188136
6762585453496975
9910128141656919
1760564577334453
8170012179481642
7219746121495239
2171580671610491
6284781860667377
8039170344728911
6873220993854055
4882382961996276
6858042526771971
1699583181824442
7736496397408170
7707045408439829
7456195669291483
7928534804371831
1473065958578873
6168900177778888
7008189050113913
9210925798647316
6279754033353810
8622704980678480
7943494956236073
2292490181812546
3122406690109035
8753205170136912
5002390866391892
3107446538244793
3710067547565731
1708103152020371
1478312101110282
2645039727715120
9004054909285258
4625727119804382
8768165322001154
4761255136576380
6419968232145076
3932116904009873
2417744228739570
4188212785689627
8803772738086118
4520119406760868
3806302896570709
7822927091328317
9220639807980150
5817347222824138
8034484162709644
6737474661864215
5335075763193114
5344789772525948
9215611980666584
6867756536104805
7360520280798645
8743272845586236
6588878778766096
3705381365546463
5715865731287752
1955337418209897
8637105172030582
5108340224729704
7109110581138159
5081813940225276
7923848622352564
5927764447963376
2760361450091468
2870996990448548
6505711296087238
8280866035056564
2176826814141900
4876795174170569
3121846729596894
2759801489579328
8415834091316421
6405349725575133
6987982755718262
2066532919079118
6280313993865951
7697331399106995
8421080233847829
8285552217075831
1704269363843710
6535289954521424
7224992264026647
5280460431238793
3358296277393138
3821481363652793
8738586663566968
5213947937773218
1096402211991364
6757680956259865
7235266233871621
3528229843003917
7493171238380396
6752093168434159
2780007783974978
2968426378590431
4047438626386221
3453971665885977
1361870457709653
5933010590494785
8516755622340668
6068196961972484
7567391170160704
2533625911628058
1352156448376819
7466127993842159
7350587956247969
2534185872140198
2644479767202980
1593852138704471
8411707869809294
3941830913342707
3343336125528896
6641239312859236
4288356040983891
4027919961968556
3931898588792031
2880929314999224
8411147909297154
7466469639136458
5927982763181218
9805205291028757
5918050438630543
1820151046732198
